1028
1128
114
118
1244
1245
1270
141
1470
150
1507
1537
1587
1662
1689
1689B
1696
1728
1750
1767
1804
1866
1869
1874
1886
1972
205
2065
2075
2075B
2078
208
2080
209
213
2136
2228
2235
227
2292
2330
2365
2368
237
2370
241
242
2422
243
2440
2449
246
2486
2504
2504B
2548
2591
2683
2721
2754
2782
2793
2852
2898
2923
2937
2943
3002
3026
3033
3052
3068
3106
3141
3150
3158
316
3185
3200
3219
3232
3255
331
3330
3360
3376
3416
369
370
3706
371
374
3745
386
392
3944
4021
4031
405
406
412
4122
413
414
4172
4224
426
478
509
519
536
571
574
581
584
587
590
591
595
652
653
656
661
751
778
836
851
855
858
868
894
900
929
964
ATCC
